1503750368
1503750380
undefined
1503750431
1503750431
1503750431
undefined
undefined
1503750515
1503750515
1503750515
1503750586
1503750586
1503750586
undefined
undefined
undefined
1503750586
1503750633
undefined
1503750633
1503750633
1503750633
1503750675
1503750675
1503750675
1503750675
undefined
1503750704
1503750746
1503750746
1503750746
1503750751
1503750785
1503750785
1503750836
1503750836
1503750836
1503750844
1503750858
undefined
undefined
1503750877
1503750887
undefined
1503750923
1503750923
1503750964
1503750964
undefined
undefined
1503751075
1503751075
1503751075
1503751141
1503751141
undefined
undefined
1503751141
1503751141
1503751141
1503751155
undefined
undefined
1503751172
1503751194
1503751194
undefined
undefined
1503751231
1503751231
1503751254
1503751254
1503751292
1503751292
1503751292
1503751296
undefined
1503751343
1503751343
1503751343
1503751378
1503751378
1503751378
1503751378
undefined
undefined
undefined
1503751412
1503751430
undefined
1503751440
1503751452
1503751459
undefined
1503751483
1503751488
1503751506
1503751506
undefined
1503751531
1503751557
1503751557
1503751557
1503751557
1503751568
1503751582
1503751582
1503751618
1503751618
1503751618
1503751628
undefined
1503751652
1503751652
undefined
undefined
1503751725
1503751725
1503751725
1503751725
1503751725
1503751725
1503751753
1503751753
1503751753
1503751775
1503751775
undefined
1503751821
1503751821
1503751821
1503751821
1503751849
1503751849
undefined
1503751862
1503751884
1503751884
1503751884
undefined
undefined
1503751910
1503751936
1503751936
1503751936
undefined
undefined
1503751992
1503751992
1503751992
1503751992
1503751992
1503752018
1503752018
1503752018
1503752031
undefined
1503752087
1503752087
1503752087
1503752087
1503752087
1503752139
undefined
1503752139
1503752139
1503752139
1503752178
1503752178
1503752178
1503752178
1503752204
1503752204
1503752204
1503752211
1503752223
1503752242
undefined
1503752256
1503752256
undefined
undefined
undefined
1503752306
1503752306
undefined
1503752313
1503752327
undefined
1503752350
1503752350
1503752360
1503752369
undefined
1503752402
1503752402
1503752402
undefined
undefined
undefined
1503752438
undefined
1503752468
undefined
1503752468
1503752484
1503752484
undefined
undefined
1503752582
1503752582
1503752582
1503752582
1503752582
1503752582
1503752582
undefined
1503752613
1503752656
undefined
1503752656
1503752656
1503752656
1503752666
undefined
1503752704
1503752704
1503752704
1503752704
1503752720
1503752720
1503752753
1503752753
1503752753
1503752757
undefined
1503752797
1503752797
1503752800
undefined
1503752817
1503752832
1503752841
undefined
1503752871
1503752871
1503752871
1503752893
1503752893
1503752893
undefined
1503752921
1503752949
1503752949
1503752949
undefined
1503752959
1503752984
1503752984
1503752984
1503753035
1503753035
1503753035
1503753041
undefined
1503753078
undefined
1503753078
1503753115
1503753115
1503753115
undefined
1503753165
1503753165
1503753178
1503753193
1503753213
undefined
1503753236
1503753256
undefined
1503753274
1503753349
1503753349
undefined
undefined
1503753349
1503753356
undefined
1503753385
1503753431
1503753431
1503753431
undefined
undefined
1503753431
1503753451
1503753459
undefined
1503753505
1503753542
1503753575
1503753575
1503753615
1503753615
1503753615
undefined
undefined
1503753641
1503753641
1503753641
1503753657
1503753657
1503753676
1503753676
1503753692
1503753692
1503753741
1503753741
1503753741
1503753741
1503753741
1503753787
1503753787
1503753787
1503753787
1503753787
1503753787
1503753843
1503753843
1503753880
undefined
undefined
undefined
undefined
1503753880
1503753880
1503753898
1503753915
undefined
undefined
1503753942
undefined
1503753960
undefined
1503754017
1503754017
1503754017
1503754017
1503754017
1503754047
1503754047
1503754047
1503754090
1503754090
1503754090
1503754090
1503754090
1503754099
1503754136
1503754136
1503754136
1503754136
1503754152
1503754152
undefined
undefined
1503754184
undefined
1503754197
1503754220
1503754220
undefined
1503754240
1503754251
1503754268
1503754268
undefined
undefined
1503754292
1503754323
1503754323
1503754323
1503754336
1503754336
undefined
undefined
1503754360
1503754377
1503754377
undefined
undefined
undefined
undefined
1503754428
1503754457
1503754457
1503754457
undefined
undefined
undefined
1503754497
1503754497
1503754497
1503754534
1503754534
1503754534
1503754534
1503754559
1503754559
1503754559
undefined
undefined
1503754586
1503754614
1503754642
1503754642
1503754655
1503754655
undefined
undefined
1503754682
1503754702
1503754702
undefined
undefined
1503754728
1503754777
1503754777
1503754777
1503754777
undefined
undefined
1503754803
1503754803
1503754850
1503754850
1503754850
1503754850
1503754850
1503754858
undefined
1503754891
1503754891
1503754909
1503754909
1503754909
undefined
1503754933
1503754977
1503754977
1503754977
1503754977
1503754977
1503754982
1503755047
1503755047
1503755047
1503755047
1503755047
1503755047
1503755047
1503755077
1503755077
1503755077
undefined
1503755139
1503755139
1503755139
1503755139
1503755139
1503755139
1503755144
undefined
1503755160
1503755186
1503755214
1503755214
1503755214
1503755214
undefined
undefined
1503755248
1503755248
1503755282
1503755282
1503755282
1503755297
1503755297
undefined
1503755341
1503755341
1503755341
1503755341
1503755351
undefined
1503755367
1503755412
1503755412
1503755412
1503755412
1503755412
1503755443
1503755443
1503755443
1503755443
1503755474
1503755474
1503755474
undefined
undefined
undefined
1503755507
undefined
1503755522
1503755569
1503755569
1503755569
1503755569
1503755569
1503755597
1503755597
1503755597
undefined
undefined
1503755624
1503755698
1503755698
undefined
undefined
1503755698
1503755698
1503755698
1503755698
1503755698
1503755725
1503755725
undefined
1503755735
1503755776
1503755776
1503755776
1503755776
1503755797
1503755832
1503755832
1503755832
1503755832
1503755850
1503755850
1503755852
undefined
1503755878
1503755878
1503755904
1503755904
undefined
undefined
1503755923
1503755930
undefined
1503756000
1503756000
1503756000
1503756000
1503756000
1503756000
1503756000
1503756019
1503756019
1503756029
undefined
1503756051
1503756051
1503756063
undefined
1503756105
undefined
1503756105
1503756105
1503756143
1503756143
1503756143
1503756145
1503756182
1503756182
1503756182
1503756182
1503756183
undefined
1503756209
1503756216
1503756234
undefined
undefined
undefined
1503756282
1503756282
1503756282
1503756282
1503756339
1503756339
1503756339
1503756339
1503756339
1503756339
1503756339
1503756352
1503756365
1503756365
1503756428
1503756428
1503756428
1503756428
1503756428
1503756428
1503756428
1503756461
undefined
undefined
undefined
undefined
1503756522
1503756540
1503756540
1503756540
1503756540
1503756540
1503756540
1503756540
undefined
undefined
undefined
1503756602
1503756602
1503756602
1503756602
1503756640
1503756640
1503756640
1503756661
undefined
1503756661
undefined
undefined
1503756690
undefined
1503756733
1503756733
1503756733
1503756733
1503756743
1503756782
1503756782
1503756782
1503756782
1503756806
undefined
1503756807
undefined
1503756842
1503756842
1503756842
1503756874
1503756874
1503756874
undefined
1503756894
1503756894
1503756907
1503756907
undefined
undefined
1503756944
1503756944
1503756975
1503756975
1503756975
1503757027
1503757027
1503757027
1503757027
1503757027
1503757027
1503757059
undefined
undefined
undefined
undefined
1503757072
undefined
1503757109
1503757109
1503757109
1503757109
1503757133
1503757133
undefined
1503757175
1503757175
1503757175
1503757175
1503757175
1503757195
undefined
1503757222
1503757222
1503757222
1503757239
1503757239
undefined
undefined
1503757259
undefined
1503757290
1503757290
undefined
undefined
1503757318
1503757327
undefined
1503757356
1503757356
1503757356
1503757357
1503757386
1503757386
1503757386
undefined
1503757410
1503757410
1503757443
1503757443
undefined
undefined
1503757466
1503757466
1503757499
1503757499
undefined
undefined
1503757584
1503757584
1503757584
1503757584
1503757584
1503757584
undefined
undefined
undefined
undefined
undefined
undefined
1503757626
1503757626
1503757626
1503757635
undefined
1503757655
1503757677
1503757677
undefined
undefined
1503757725
undefined
1503757725
1503757725
1503757729
undefined
1503757762
undefined
1503757762
1503757799
1503757799
1503757799
1503757799
1503757827
1503757827
1503757827
1503757866
1503757866
1503757866
1503757866
undefined
undefined
1503757904
1503757936
undefined
1503757978
1503758009
1503758009
1503758009
1503758024
undefined
1503758038
1503758083
1503758083
1503758083
1503758083
undefined
undefined
undefined
undefined
1503758118
1503758150
1503758150
1503758150
1503758150
1503758155
undefined
1503758173
undefined
1503758208
1503758208
1503758221
1503758221
1503758246
1503758246
1503758246
1503758277
undefined
undefined
undefined
undefined
1503758302
1503758302
undefined
1503758389
1503758389
1503758389
1503758389
1503758389
1503758389
1503758389
1503758389
1503758405
1503758405
undefined
1503758440
1503758440
1503758440
1503758460
1503758460
1503758474
undefined
1503758514
1503758514
1503758514
1503758514
1503758519
1503758536
1503758571
1503758571
1503758571
1503758571
undefined
undefined
undefined
undefined
1503758626
undefined
1503758671
1503758671
undefined
undefined
1503758671
1503758677
1503758690
1503758733
1503758733
1503758733
1503758733
1503758733
undefined
1503758756
1503758818
1503758818
1503758818
1503758818
1503758818
1503758818
undefined
undefined
1503758837
1503758860
undefined
1503758860
1503758911
1503758911
1503758911
1503758911
1503758911
1503758911
undefined
undefined
undefined
1503758948
1503758978
1503758978
1503758978
1503758998
1503758998
undefined
1503759033
1503759033
1503759033
1503759069
1503759069
1503759069
1503759069
1503759085
1503759085
1503759098
1503759106
undefined
1503759141
1503759141
1503759141
1503759161
1503759161
1503759161
1503759178
1503759204
undefined
1503759204
1503759228
1503759228
undefined
undefined
1503759256
1503759283
1503759283
1503759283
1503759322
1503759322
1503759322
1503759322
1503759347
1503759347
1503759397
1503759397
1503759397
1503759397
1503759397
undefined
1503759410
1503759422
undefined
1503759455
1503759455
1503759455
1503759498
1503759498
1503759498
1503759498
1503759546
1503759546
1503759546
1503759546
1503759546
1503759546
1503759558
1503759558
undefined
undefined
1503759584
1503759600
1503759600
1503759638
1503759638
1503759638
1503759638
1503759659
1503759659
undefined
1503759674
1503759692
1503759692
1503759692
undefined
undefined
undefined
1503759736
undefined
1503759767
1503759767
1503759832
1503759832
undefined
undefined
1503759832
1503759832
1503759876
1503759876
1503759876
undefined
undefined
undefined
1503759929
