1503782649
1503782649
1503782649
1503782649
1503782649
1503782649
1503782649
1503782649
1503782649
1503782649
1503782649
1503782649
1503782649
1503782649
1503782649
1503782649
1503782649
1503782649
1503782649
1503782649
1503782649
1503782649
1503782649
1503782649
1503782649
1503782649
1503782649
1503782649
1503782649
1503782649
1503782649
1503782649
1503782649
1503782649
1503782649
1503782649
1503782744
1503782744
1503782744
1503782744
1503782751
1503782751
1503782751
1503782751
1503782751
1503782751
1503782751
1503782751
1503782751
1503782751
1503782751
1503782751
1503782751
1503782751
1503782751
1503782751
1503782751
1503782751
1503782751
1503782751
1503782751
1503782751
1503782751
1503782751
1503782751
1503782751
1503782751
1503782751
1503782751
1503782751
1503782751
1503782751
1503782751
1503782751
1503782751
1503782751
1503782756
1503782756
1503782756
1503782756
1503782756
1503782756
1503782756
1503782756
1503782756
1503782756
1503782756
1503782756
1503782756
1503782756
1503782756
1503782756
1503782756
1503782756
1503782756
1503782756
1503782756
1503782756
1503782756
1503782756
