1500395289
1500395289
1500395289
1500395289
1500395289
1500395289
1500395289
1500395289
1500395289
1500395289
undefined
undefined
undefined
undefined
1500395343
1500395343
1500395343
1500395343
1500395343
1500395343
1500395421
1500395421
1500395421
1500395421
1500395421
1500395421
1500395421
1500395421
1500395421
1500395421
1500395495
1500395495
1500395543
1500395543
1500395543
1500395543
1500395543
1500395543
1500395543
1500395543
1500395606
1500395606
1500395606
1500395606
1500395606
1500395606
1500395606
1500395606
1500395606
1500395606
1500395681
1500395681
1500395681
1500395681
1500395681
1500395681
1500395681
1500395681
1500395681
1500395681
1500395755
1500395755
1500395755
1500395755
1500395755
1500395755
1500395755
1500395755
1500395755
1500395860
undefined
1500395860
1500395860
1500395860
1500395860
1500395860
1500395860
1500395860
1500395860
1500395860
1500395946
1500395946
1500395946
1500395946
1500395946
1500395946
1500395946
1500395946
1500395946
1500395946
1500396013
1500396013
1500396013
1500396013
1500396013
1500396013
1500396013
1500396013
1500396013
1500396013
1500396097
1500396097
1500396097
1500396097
1500396097
1500396097
1500396097
1500396097
1500396097
1500396097
1500396183
1500396183
1500396183
1500396183
1500396183
1500396183
1500396183
1500396183
1500396183
1500396183
1500396269
1500396269
1500396269
1500396269
1500396269
1500396269
1500396269
1500396269
1500396269
1500396269
1500396343
1500396343
1500396343
1500396343
1500396343
1500396343
1500396343
1500396343
1500396343
1500396359
1500396428
1500396428
1500396428
1500396428
1500396428
1500396428
1500396428
1500396428
1500396428
1500396428
1500396572
1500396572
1500396572
1500396572
1500396572
1500396572
1500396572
1500396572
1500396572
1500396572
1500396592
1500396606
1500396606
1500396606
1500396606
1500396606
1500396606
1500396606
1500396606
1500396606
1500396703
1500396703
1500396703
1500396703
1500396703
1500396703
1500396703
1500396703
1500396703
1500396703
1500396786
1500396786
1500396786
1500396786
1500396786
1500396786
1500396786
1500396786
1500396786
1500396786
1500396855
1500396855
1500396855
1500396855
1500396855
1500396855
1500396855
1500396855
1500396855
1500396855
1500396942
1500396942
1500396942
1500396942
1500396942
1500396942
1500396942
1500396942
1500396942
1500396942
1500397026
1500397026
1500397026
1500397026
1500397026
1500397026
1500397026
1500397026
1500397026
1500397026
1500397102
1500397102
1500397102
1500397102
1500397102
1500397102
1500397102
1500397102
1500397102
1500397102
1500397180
1500397193
1500397193
1500397193
1500397193
1500397193
1500397193
1500397193
1500397193
1500397193
1500397276
1500397276
1500397276
1500397276
1500397276
1500397276
1500397276
1500397276
1500397276
1500397276
1500397371
1500397371
1500397371
1500397371
1500397371
1500397371
1500397371
1500397371
1500397371
1500397371
1500397437
1500397437
1500397449
1500397449
1500397449
1500397449
1500397449
1500397449
1500397449
1500397449
1500397528
1500397528
1500397528
1500397528
1500397528
1500397528
1500397528
1500397528
1500397528
1500397528
1500397607
1500397607
1500397607
1500397607
1500397681
1500397681
1500397681
1500397681
1500397681
1500397681
1500397698
1500397698
1500397698
1500397698
1500397698
1500397698
1500397698
1500397698
1500397698
1500397698
1500397791
1500397791
1500397791
1500397791
1500397791
1500397791
1500397791
1500397791
1500397791
1500397791
1500397881
1500397881
1500397881
1500397881
1500397881
1500397881
1500397881
1500397881
1500397881
1500397881
1500397963
1500397963
1500397963
1500397963
1500397963
1500397963
1500397963
1500397963
1500397963
1500397963
1500398033
1500398033
1500398033
1500398033
1500398033
1500398033
1500398033
1500398033
1500398033
1500398033
1500398160
1500398160
1500398160
1500398160
1500398160
1500398160
1500398160
1500398160
1500398160
1500398160
1500398197
1500398197
1500398197
1500398197
1500398197
1500398197
1500398197
1500398197
1500398197
1500398209
1500398318
1500398318
1500398318
1500398318
1500398318
1500398318
1500398318
1500398318
1500398318
1500398318
1500398365
1500398365
1500398365
1500398365
1500398422
1500398422
1500398422
1500398422
1500398422
1500398422
undefined
undefined
undefined
undefined
undefined
undefined
1500398453
1500398453
1500398453
1500398519
1500398532
1500398532
1500398532
1500398532
1500398532
1500398532
1500398532
1500398532
1500398532
1500398532
1500398631
1500398631
1500398631
1500398631
1500398631
1500398631
1500398631
1500398631
1500398631
1500398631
1500398707
1500398707
1500398707
1500398707
1500398707
1500398707
1500398707
1500398707
1500398707
1500398707
1500398793
1500398793
1500398793
1500398793
1500398793
1500398793
1500398793
1500398793
1500398793
1500398793
1500398889
1500398889
1500398889
1500398889
1500398889
1500398889
1500398889
1500398889
1500398889
1500398889
1500398962
1500398962
1500398962
1500398962
1500398962
1500398962
1500398962
1500398962
1500398962
1500398962
1500399060
1500399060
1500399060
1500399060
1500399060
1500399060
1500399060
1500399060
1500399060
1500399060
1500399151
1500399151
1500399151
1500399151
1500399151
1500399151
1500399151
1500399151
1500399151
1500399151
1500399207
1500399207
1500399207
1500399207
1500399207
1500399207
1500399207
1500399207
1500399207
1500399258
1500399294
1500399294
1500399294
1500399294
1500399294
1500399294
1500399294
1500399294
1500399294
1500399294
1500399375
1500399375
1500399375
1500399375
1500399375
1500399375
1500399375
1500399375
1500399375
1500399397
1500399468
1500399468
1500399468
1500399468
1500399468
1500399468
1500399468
1500399468
1500399468
1500399468
1500399547
1500399547
1500399547
1500399547
1500399547
1500399547
1500399547
1500399547
1500399547
1500399547
1500399686
1500399686
1500399686
1500399686
1500399686
1500399686
1500399686
1500399686
1500399686
1500399686
1500399710
1500399710
1500399710
1500399710
1500399710
1500399710
1500399710
1500399710
1500399710
1500399714
1500399798
1500399798
1500399798
1500399798
1500399798
1500399798
1500399798
1500399798
1500399798
1500399798
1500399891
1500399891
1500399891
1500399891
1500399891
1500399891
1500399891
1500399891
1500399891
1500399891
1500399989
1500399989
1500399989
1500399989
1500399989
1500399989
1500399989
1500399989
1500399989
1500399989
1500400059
1500400059
1500400083
1500400083
1500400083
1500400083
1500400083
1500400083
1500400083
1500400083
1500400131
1500400131
1500400131
1500400131
1500400131
1500400131
1500400131
1500400131
1500400131
1500400131
1500400261
1500400261
1500400261
1500400261
1500400261
1500400261
1500400261
1500400261
1500400261
1500400261
1500400313
1500400313
1500400313
1500400313
1500400313
1500400313
1500400313
1500400313
1500400313
1500400313
1500400393
1500400393
1500400393
1500400393
1500400393
1500400393
1500400393
1500400393
1500400393
1500400393
1500400474
1500400474
1500400474
1500400474
1500400474
1500400474
1500400474
1500400474
1500400474
1500400474
1500400563
1500400563
1500400563
1500400563
1500400563
1500400563
1500400563
1500400563
1500400563
1500400563
1500400641
1500400641
1500400641
1500400641
1500400641
1500400641
1500400641
1500400641
1500400641
1500400641
1500400724
1500400724
1500400724
1500400724
1500400724
1500400724
1500400724
1500400724
1500400724
1500400724
1500400811
1500400811
1500400811
1500400811
1500400811
1500400811
1500400811
1500400811
1500400811
1500400818
1500400909
1500400909
1500400909
1500400909
1500400909
1500400909
1500400909
1500400909
1500400909
1500400909
1500400970
1500400970
1500400970
1500400970
1500400970
1500400970
1500400970
1500400970
1500400970
1500400970
1500401056
1500401056
1500401056
1500401056
1500401056
1500401056
1500401056
1500401056
1500401056
1500401056
1500401159
1500401159
1500401159
1500401159
1500401159
1500401159
1500401159
1500401159
1500401159
1500401159
1500401250
1500401250
1500401250
1500401250
1500401250
1500401250
1500401250
1500401250
1500401250
1500401250
1500401297
1500401297
1500401297
1500401297
1500401297
1500401297
1500401297
1500401297
1500401297
1500401297
1500401390
1500401418
1500401418
1500401418
1500401418
1500401418
1500401418
1500401418
1500401418
1500401418
1500401488
1500401488
1500401488
1500401488
1500401488
1500401488
1500401488
1500401488
1500401488
1500401488
1500401565
1500401565
1500401565
1500401565
1500401565
1500401565
1500401565
1500401565
1500401565
1500401565
1500401646
1500401646
1500401646
1500401646
1500401646
1500401646
1500401646
1500401646
1500401646
1500401646
1500401728
1500401728
1500401728
1500401728
1500401728
1500401728
1500401728
1500401771
1500401816
1500401816
1500401816
1500401816
1500401816
1500401816
1500401816
1500401816
1500401816
1500401816
1500401816
1500401816
1500401908
1500401908
1500401908
1500401908
1500401908
1500401908
1500401908
1500401908
1500401908
1500401908
1500401984
1500401984
1500401984
1500401984
1500401984
1500401984
1500401984
1500401984
1500401984
1500401984
1500402065
1500402065
1500402065
1500402065
1500402065
1500402065
1500402065
1500402065
1500402076
1500402076
1500402163
1500402163
1500402163
1500402163
1500402163
1500402163
1500402163
1500402163
1500402163
1500402163
1500402248
1500402248
1500402248
1500402248
1500402248
1500402248
1500402248
1500402248
1500402248
1500402248
1500402317
1500402317
1500402317
1500402317
1500402317
1500402317
1500402317
1500402317
1500402317
1500402336
1500402410
1500402410
1500402410
1500402410
1500402410
1500402410
1500402410
1500402410
1500402410
1500402410
1500402492
1500402492
1500402492
1500402492
1500402492
1500402492
1500402492
1500402492
1500402492
1500402492
1500402577
1500402577
1500402577
1500402577
1500402577
1500402577
1500402577
1500402577
1500402577
1500402577
1500402678
1500402678
1500402678
1500402678
1500402678
1500402678
1500402678
1500402678
1500402678
1500402678
1500402808
1500402808
1500402808
1500402808
1500402808
1500402808
1500402808
1500402808
1500402808
1500402808
1500402823
1500402823
1500402823
1500402823
1500402823
1500402823
1500402823
1500402823
1500402823
1500402823
undefined
undefined
undefined
undefined
undefined
undefined
undefined
undefined
undefined
undefined
1500402988
1500402988
1500402988
1500402988
1500402988
1500402988
1500402988
1500402988
1500402988
1500403027
undefined
1500403084
1500403084
1500403084
1500403084
1500403084
1500403084
1500403084
1500403084
1500403084
1500403174
1500403174
1500403174
1500403174
1500403174
1500403174
1500403174
1500403174
1500403174
1500403174
1500403248
1500403248
1500403248
1500403248
1500403248
1500403248
1500403248
1500403248
1500403248
1500403248
1500403346
1500403346
1500403346
1500403346
1500403346
1500403346
1500403346
1500403346
1500403346
1500403346
1500403438
1500403438
1500403438
1500403438
1500403438
1500403438
1500403438
1500403438
1500403438
1500403438
1500403511
1500403511
1500403511
1500403511
1500403511
1500403511
1500403511
1500403511
1500403511
1500403511
1500403587
1500403587
1500403587
1500403587
1500403587
1500403587
1500403587
1500403587
1500403587
1500403587
