undefined
undefined
undefined
undefined
undefined
undefined
undefined
undefined
undefined
undefined
undefined
undefined
undefined
undefined
undefined
undefined
undefined
undefined
undefined
undefined
undefined
undefined
undefined
undefined
undefined
undefined
undefined
undefined
undefined
1503916937
1503916937
1503916937
1503916937
1503916937
1503916937
1503916937
1503916937
1503916937
1503916937
1503916937
1503916937
1503916937
1503916937
1503916937
1503916937
1503916937
1503916937
1503916937
1503916937
1503916937
1503916937
1503916937
1503916937
1503916937
1503916937
1503916937
1503916937
1503916937
1503916937
1503916937
1503916937
1503916937
1503916978
1503916978
1503916978
1503916978
1503916978
1503916978
1503916978
1503916978
1503916978
1503916978
1503916978
1503916978
1503916978
1503916978
1503916978
1503916978
1503916978
1503916978
1503916978
1503916978
1503916978
1503916978
1503916978
1503916978
1503916978
1503916978
1503916978
1503916978
1503916978
1503917034
1503917034
1503917034
1503917034
1503917034
1503917034
1503917034
1503917034
1503917034
1503917034
1503917034
1503917034
1503917034
1503917034
1503917034
1503917034
1503917034
1503917034
1503917034
1503917034
1503917034
1503917034
1503917034
1503917034
1503917034
1503917034
1503917034
1503917034
1503917034
1503917034
1503917034
1503917034
1503917034
1503917034
1503917048
1503917048
1503917048
1503917048
1503917048
1503917048
1503917048
1503917048
1503917048
1503917048
1503917048
1503917048
1503917048
1503917048
1503917048
1503917048
1503917048
1503917048
1503917048
1503917048
1503917048
1503917048
1503917048
1503917048
1503917048
1503917048
1503917048
1503917048
1503917048
1503917048
1503917048
1503917048
1503917048
1503917048
1503917048
1503917048
1503917127
1503917127
1503917127
1503917127
1503917127
1503917127
1503917127
1503917127
1503917127
1503917127
1503917127
1503917127
1503917127
1503917127
1503917127
1503917127
1503917127
1503917127
1503917127
1503917127
1503917127
1503917127
1503917127
1503917127
1503917127
1503917127
1503917165
1503917165
1503917165
1503917165
1503917165
1503917165
1503917165
1503917165
1503917165
1503917165
1503917165
1503917165
1503917165
1503917165
1503917165
1503917165
1503917165
1503917165
1503917165
1503917165
1503917165
1503917165
1503917165
1503917165
1503917165
1503917165
1503917165
1503917165
1503917165
1503917165
1503917165
1503917165
1503917165
1503917166
1503917166
1503917166
1503917166
1503917166
1503917166
1503917166
1503917166
1503917166
1503917166
1503917166
1503917166
1503917166
1503917166
1503917166
1503917166
1503917166
1503917166
1503917166
1503917166
1503917176
1503917176
1503917176
1503917176
1503917176
1503917176
1503917176
1503917176
1503917176
1503917176
1503917176
1503917176
1503917176
1503917176
1503917176
1503917176
1503917176
1503917176
1503917176
1503917176
1503917176
1503917176
1503917176
1503917176
1503917176
1503917176
1503917176
1503917176
1503917176
1503917176
1503917176
1503917176
1503917176
1503917176
1503917176
1503917200
1503917200
1503917200
1503917200
1503917200
1503917200
1503917200
1503917200
1503917200
1503917200
1503917200
1503917200
1503917200
1503917200
1503917200
1503917200
1503917200
1503917200
1503917200
1503917200
1503917200
1503917200
1503917200
1503917200
1503917200
1503917200
1503917200
1503917200
1503917200
1503917200
1503917200
1503917200
1503917200
1503917200
1503917200
1503917242
1503917242
1503917242
1503917242
1503917242
1503917242
1503917242
1503917242
1503917242
1503917242
1503917242
1503917242
1503917242
1503917242
1503917242
1503917242
1503917242
1503917242
1503917242
1503917242
1503917242
1503917242
1503917242
1503917242
1503917242
1503917242
1503917242
1503917242
1503917242
1503917254
1503917254
1503917254
1503917254
1503917254
1503917254
1503917254
1503917254
1503917254
1503917254
1503917254
1503917254
1503917254
1503917254
1503917254
1503917254
1503917254
1503917254
1503917254
1503917254
1503917254
1503917254
1503917254
1503917254
1503917254
1503917254
1503917254
1503917254
1503917293
1503917293
1503917293
1503917293
1503917293
1503917293
1503917293
1503917293
1503917293
1503917293
1503917293
1503917293
1503917293
1503917293
1503917293
1503917293
1503917293
1503917293
1503917293
1503917293
1503917293
1503917293
1503917293
1503917293
1503917293
1503917293
1503917293
1503917293
1503917293
1503917293
1503917293
1503917293
1503917293
1503917293
1503917302
1503917302
1503917302
1503917302
1503917302
1503917302
1503917302
1503917302
1503917302
1503917302
1503917302
1503917302
1503917302
1503917302
1503917302
1503917302
1503917302
1503917302
1503917302
1503917302
1503917302
1503917302
1503917302
1503917302
1503917302
1503917302
1503917302
1503917302
1503917302
1503917302
1503917304
1503917304
1503917304
1503917304
1503917304
1503917304
1503917304
1503917304
1503917304
1503917304
1503917304
1503917304
1503917304
1503917304
1503917304
1503917304
1503917304
1503917304
1503917304
1503917304
1503917304
1503917304
1503917304
1503917304
1503917304
1503917304
1503917304
1503917304
1503917304
1503917304
1503917304
1503917304
1503917304
1503917304
1503917304
1503917304
1503917393
1503917393
1503917393
1503917393
1503917393
1503917393
1503917393
1503917393
1503917393
1503917393
1503917393
1503917393
1503917393
1503917393
1503917393
1503917393
1503917393
1503917393
1503917393
1503917393
1503917393
1503917393
1503917393
1503917393
1503917393
1503917393
1503917393
1503917393
1503917393
1503917393
1503917393
1503917393
1503917393
1503917393
1503917393
1503917435
1503917435
1503917435
1503917435
1503917435
1503917435
1503917435
1503917435
1503917435
1503917435
1503917435
1503917435
1503917435
1503917435
1503917435
1503917435
1503917435
1503917435
1503917435
1503917435
1503917435
1503917435
1503917435
1503917435
1503917435
1503917435
1503917435
1503917435
1503917435
1503917435
1503917435
1503917435
1503917435
1503917435
1503917435
1503917435
1503917491
1503917491
1503917491
1503917491
1503917491
1503917491
1503917491
1503917491
1503917491
1503917491
1503917491
1503917491
1503917491
1503917491
1503917491
1503917491
1503917491
1503917491
1503917491
1503917491
1503917491
1503917491
1503917491
1503917491
1503917491
1503917491
1503917491
1503917491
1503917491
1503917491
1503917491
1503917491
1503917518
1503917518
1503917518
1503917518
1503917518
1503917518
1503917518
1503917518
1503917518
1503917518
1503917518
1503917518
1503917518
1503917518
1503917518
1503917518
1503917518
1503917518
1503917518
1503917518
1503917518
1503917518
1503917518
1503917518
1503917518
1503917518
1503917518
1503917518
1503917518
1503917518
1503917518
1503917545
1503917545
1503917545
1503917545
1503917545
1503917545
1503917545
1503917545
1503917545
1503917545
1503917545
1503917545
1503917545
1503917545
1503917545
1503917545
1503917545
1503917545
1503917545
1503917545
1503917545
1503917545
1503917545
1503917545
1503917545
1503917545
1503917545
1503917576
1503917576
1503917576
1503917576
1503917576
1503917576
1503917576
1503917576
1503917576
1503917576
1503917576
1503917576
1503917576
1503917576
1503917576
1503917576
1503917576
1503917576
1503917576
1503917576
1503917576
1503917576
1503917576
1503917576
1503917576
1503917576
1503917576
1503917576
1503917576
1503917576
1503917576
1503917576
1503917576
1503917576
1503917576
1503917576
1503917601
1503917601
1503917601
1503917601
1503917601
1503917601
1503917601
1503917601
1503917601
1503917601
1503917601
1503917601
1503917601
1503917601
1503917601
1503917601
1503917601
1503917662
1503917662
1503917662
1503917662
1503917662
1503917662
1503917662
1503917662
1503917662
1503917662
1503917662
1503917662
1503917662
1503917662
1503917671
1503917671
1503917671
1503917671
1503917671
1503917671
1503917671
1503917671
1503917671
1503917671
1503917671
1503917671
1503917671
1503917671
1503917671
1503917671
1503917671
1503917671
1503917671
1503917671
1503917671
1503917671
1503917671
1503917671
1503917687
1503917687
1503917687
1503917687
1503917687
1503917687
1503917687
1503917687
1503917687
1503917687
1503917687
1503917687
1503917687
1503917687
1503917687
1503917687
1503917687
1503917687
1503917687
1503917687
1503917687
1503917687
1503917687
1503917687
1503917687
1503917687
1503917687
1503917687
1503917687
1503917687
1503917687
1503917687
1503917698
1503917698
1503917698
1503917698
1503917698
1503917698
1503917698
1503917698
1503917698
1503917698
1503917698
1503917698
1503917698
1503917698
1503917698
1503917698
1503917698
1503917698
1503917698
1503917698
1503917698
1503917698
1503917698
1503917698
1503917698
1503917698
1503917698
1503917698
1503917698
1503917698
1503917698
1503917698
1503917698
1503917698
1503917698
1503917741
1503917741
1503917741
1503917741
1503917741
1503917741
1503917741
1503917741
1503917741
1503917741
1503917741
1503917741
1503917741
1503917741
1503917741
1503917741
1503917741
1503917741
1503917741
1503917741
1503917742
1503917742
1503917742
1503917742
1503917742
1503917774
1503917774
1503917774
1503917774
1503917774
1503917774
1503917774
1503917788
1503917788
1503917788
1503917788
1503917788
1503917788
1503917788
1503917788
1503917788
1503917788
1503917788
1503917788
1503917788
1503917788
1503917788
1503917788
1503917788
1503917788
1503917788
1503917788
1503917788
1503917788
1503917788
1503917788
1503917788
1503917788
1503917788
1503917788
1503917788
1503917788
1503917788
1503917807
1503917807
1503917807
1503917807
1503917807
1503917807
1503917807
1503917807
1503917807
1503917807
1503917807
1503917807
1503917807
1503917807
1503917807
1503917807
1503917807
1503917807
1503917807
1503917807
1503917807
1503917807
1503917807
1503917807
1503917807
1503917807
1503917807
1503917807
1503917807
1503917807
1503917807
1503917820
1503917820
1503917820
1503917820
1503917820
1503917820
1503917820
1503917820
1503917820
1503917820
1503917820
1503917820
1503917820
1503917820
1503917820
1503917820
1503917820
1503917820
1503917820
1503917820
1503917820
1503917820
1503917820
1503917820
1503917820
1503917820
1503917820
1503917820
1503917820
1503917820
1503917820
1503917827
1503917827
1503917827
1503917827
1503917827
1503917827
1503917827
1503917827
1503917827
1503917827
1503917827
1503917827
1503917827
1503917827
1503917827
1503917827
1503917827
1503917827
1503917827
1503917827
1503917827
1503917827
1503917827
1503917827
1503917827
1503917827
1503917827
1503917827
1503917827
1503917827
1503917827
1503917827
1503917827
1503917827
1503917827
1503917827
1503917834
1503917834
1503917834
1503917834
1503917834
1503917834
1503917834
1503917834
1503917834
1503917834
1503917834
1503917834
1503917834
1503917834
1503917834
1503917834
1503917834
1503917834
1503917834
1503917834
1503917834
1503917834
1503917834
1503917834
1503917834
1503917834
1503917834
1503917834
1503917834
1503917834
1503917834
1503917834
1503917858
1503917858
1503917858
1503917858
1503917858
1503917858
1503917858
1503917858
1503917858
1503917858
1503917858
1503917858
1503917858
1503917858
1503917858
1503917858
1503917858
1503917858
1503917858
1503917858
1503917858
