1503841826
1503841826
1503841826
1503841826
1503841826
1503841826
1503841826
1503841826
1503841826
1503841826
1503841826
1503841826
1503841826
1503841826
1503841826
1503841826
1503841826
1503841826
1503841826
1503841826
1503841826
1503841826
1503841826
1503841826
1503841826
1503841826
1503841826
1503841826
1503841826
1503841826
1503841826
1503841826
1503841826
1503841826
1503841826
1503841833
1503841833
1503841833
1503841833
1503841833
1503841833
1503841833
1503841833
1503841833
1503841833
1503841833
1503841833
1503841833
1503841833
1503841833
1503841833
1503841833
1503841833
1503841833
1503841833
1503841833
1503841833
1503841833
1503841833
1503841833
1503841833
1503841833
1503841833
1503841833
1503841833
1503841833
1503841833
1503841833
1503841833
1503841833
1503841833
1503841853
1503841853
1503841853
1503841853
1503841853
1503841853
1503841853
1503841853
1503841853
1503841853
1503841853
1503841853
1503841853
1503841853
1503841853
1503841853
1503841853
1503841853
1503841853
1503841853
1503841853
1503841853
1503841853
1503841853
1503841853
1503841853
1503841853
1503841853
1503841853
1503841853
1503841853
1503841853
1503841853
1503841853
1503841853
1503841853
1503841871
1503841871
1503841871
1503841871
1503841871
1503841871
1503841871
1503841871
1503841871
1503841871
1503841871
1503841871
1503841871
1503841871
1503841871
1503841871
1503841871
1503841871
1503841871
1503841871
1503841871
1503841871
1503841871
1503841871
1503841871
1503841871
1503841871
1503841871
1503841871
1503841871
1503841871
1503841871
1503841871
1503841871
1503841871
1503841889
1503841889
1503841889
1503841889
1503841889
1503841889
1503841889
1503841889
1503841889
1503841889
1503841889
1503841889
1503841889
1503841889
1503841889
1503841889
1503841889
1503841889
1503841889
1503841889
1503841889
1503841889
1503841889
1503841889
1503841889
1503841889
1503841889
1503841889
1503841898
1503841898
1503841898
1503841898
1503841898
1503841898
1503841898
1503841898
1503841898
1503841898
1503841898
1503841898
1503841898
1503841898
1503841898
1503841898
1503841898
1503841898
1503841898
1503841898
1503841898
1503841898
1503841898
1503841898
1503841898
1503841898
1503841898
1503841898
1503841898
1503841898
