1503906812
1503906812
1503906853
1503906853
1503906853
1503906853
1503906853
1503906853
1503906853
1503906853
1503906853
1503906853
1503906853
1503906853
1503906853
1503906853
1503906879
1503906879
1503906879
1503906879
1503906886
1503906886
1503906886
1503906886
1503906886
1503906886
1503906886
1503906886
1503906886
1503906886
1503906924
1503906987
1503906987
1503907020
1503907020
1503907020
1503907020
1503907020
1503907020
1503907020
1503907020
1503907020
1503907020
1503907020
1503907020
1503907020
1503907020
1503907020
1503907020
1503907020
1503907020
1503907020
1503907020
1503907020
1503907020
1503907020
1503907020
1503907020
1503907020
1503907020
1503907020
1503907020
1503907020
1503907020
1503907020
1503907035
1503907035
1503907035
1503907035
1503907035
1503907035
1503907035
1503907035
1503907035
1503907035
1503907035
1503907035
1503907035
1503907035
1503907035
1503907035
1503907035
1503907035
1503907035
1503907035
1503907035
1503907035
1503907035
1503907035
1503907035
1503907035
1503907035
1503907035
1503907035
1503907035
1503907035
1503907035
1503907043
1503907043
1503907043
