1503782712
1503782712
1503782712
1503782712
1503782712
1503782712
1503782712
1503782712
1503782712
1503782712
1503782712
1503782712
1503782712
1503782712
1503782712
1503782712
1503782712
1503782712
1503782712
1503782712
1503782712
1503782712
1503782712
1503782712
1503782712
1503782712
1503782712
1503782712
1503782712
1503782712
1503782712
1503782712
1503782712
1503782712
1503782712
1503782724
1503782724
1503782724
1503782724
1503782724
1503782724
1503782724
1503782724
1503782724
1503782724
1503782724
1503782724
1503782724
1503782724
1503782724
1503782724
1503782724
1503782724
1503782724
1503782724
1503782724
1503782724
1503782724
1503782724
1503782724
1503782724
1503782724
1503782724
1503782724
1503782724
1503782724
1503782724
1503782724
1503782744
1503782744
1503782744
1503782744
1503782744
1503782744
1503782744
1503782744
1503782744
1503782744
1503782744
1503782744
1503782744
1503782744
1503782744
1503782744
1503782744
1503782744
1503782744
1503782744
1503782744
1503782744
1503782744
1503782744
1503782744
1503782744
1503782744
1503782744
1503782744
1503782744
1503782744
1503782744
