1504399677
1504399677
1504399677
1504399677
1504399677
1504399677
1504399677
1504399677
1504399677
1504399677
1504399677
1504399677
1504399677
1504399677
1504399677
1504399677
1504399677
1504399677
1504399677
1504399677
1504399677
1504399677
1504399677
1504399677
1504399677
1504399677
1504399677
1504399677
1504399677
1504399677
1504399690
1504399690
1504399690
1504399690
1504399690
1504399690
1504399690
1504399690
1504399690
1504399690
1504399690
1504399690
1504399690
1504399690
1504399690
1504399690
1504399690
1504399690
1504399690
1504399690
1504399690
1504399690
1504399690
1504399690
1504399690
1504399690
1504399690
1504399690
1504399690
1504399690
1504399690
1504399690
1504399728
1504399719
1504399719
1504399728
1504399719
1504399728
1504399728
1504399728
1504399728
1504399728
1504399719
1504399719
1504399728
1504399719
1504399719
1504399728
1504399728
1504399728
1504399728
1504399728
1504399719
1504399719
1504399719
1504399728
1504399728
1504399719
1504399728
1504399728
1504399728
1504399728
1504399719
1504399728
1504399719
1504399728
1504399719
1504399728
1504399728
1504399728
1504399728
1504399719
1504399728
1504399728
1504399719
1504399728
1504399719
1504399728
1504399728
1504399728
1504399728
1504399750
1504399719
1504399866
1504399750
1504399719
1504399719
1504399728
1504399766
1504399866
1504399866
1504399719
1504399750
1504399750
1504399866
1504399719
1504399719
1504399766
1504399728
1504399866
1504399866
1504399719
1504399750
1504399719
1504399750
1504399866
1504399719
1504399766
1504399812
1504399866
undefined
undefined
undefined
undefined
undefined
undefined
undefined
undefined
undefined
undefined
undefined
undefined
undefined
undefined
undefined
undefined
undefined
undefined
undefined
undefined
undefined
undefined
undefined
undefined
undefined
undefined
undefined
undefined
undefined
undefined
undefined
undefined
undefined
undefined
undefined
undefined
undefined
undefined
undefined
undefined
undefined
undefined
undefined
undefined
undefined
undefined
undefined
undefined
undefined
undefined
undefined
undefined
undefined
undefined
undefined
undefined
undefined
undefined
undefined
undefined
undefined
undefined
undefined
undefined
undefined
undefined
undefined
undefined
undefined
undefined
undefined
undefined
undefined
undefined
undefined
undefined
undefined
undefined
undefined
undefined
undefined
undefined
undefined
undefined
undefined
undefined
undefined
undefined
undefined
undefined
undefined
undefined
undefined
undefined
undefined
undefined
undefined
undefined
undefined
undefined
undefined
undefined
undefined
undefined
undefined
undefined
undefined
undefined
undefined
undefined
undefined
undefined
undefined
undefined
undefined
undefined
undefined
undefined
undefined
undefined
undefined
undefined
undefined
undefined
undefined
undefined
undefined
undefined
undefined
undefined
undefined
undefined
undefined
undefined
undefined
undefined
undefined
undefined
undefined
undefined
1504399866
1504399848
undefined
1504399750
undefined
undefined
1504399750
undefined
undefined
undefined
1504399866
1504399750
1504399750
1504399848
1504399750
1504399866
1504399750
1504399766
1504399866
1504399812
1504399874
1504399848
1504399750
1504399750
1504399750
1504399874
1504399750
1504399874
1504399766
1504399812
1504399874
1504399848
1504399750
1504399750
1504399750
1504399874
1504399812
1504399750
1504399874
1504399766
1504399874
1504399848
1504399750
1504399750
1504399750
1504399874
1504399874
1504399750
1504399766
1504399812
1504399848
1504399750
1504399900
1504399750
1504399900
1504399750
1504399750
1504399766
1504399900
1504399812
1504399848
1504399900
1504399750
1504399750
1504399900
1504399750
1504399750
1504399900
1504399766
1504399812
1504399848
1504399750
1504399900
1504399750
1504399900
1504399750
1504399750
1504399900
1504399766
1504399812
1504399848
1504399766
1504399766
1504399900
1504399900
1504399844
1504399766
1504399900
1504399812
1504399766
1504399848
1504399766
1504399766
1504399915
1504399915
1504399844
1504399830
1504399812
1504399915
1504399766
1504399848
1504399766
1504399766
1504399915
1504399915
1504399844
1504399915
1504399866
1504399812
1504399766
1504399848
1504399766
1504399766
1504399915
1504399915
1504399812
1504399844
1504399915
1504399866
1504399766
1504399848
1504399766
1504399915
1504399766
1504399915
1504399844
1504399812
1504399866
1504399915
1504399766
1504399848
1504399915
1504399766
1504399766
1504399915
1504399874
1504399812
1504399844
1504399915
1504399766
1504399977
1504399866
1504399848
1504399966
1504399812
1504399812
1504399844
1504399874
1504399977
1504399866
1504399977
1504399966
1504399848
1504399866
1504399812
1504399812
1504399844
1504399874
1504399977
1504399866
1504399977
1504399966
1504399848
1504399866
1504399812
1504399812
1504399880
1504399844
1504399977
1504399866
1504399966
1504399977
1504399848
1504399874
1504399812
1504399866
1504399844
1504399880
1504399874
1504399977
1504399848
1504399874
1504399966
1504399977
1504399812
1504399866
1504399880
1504399844
1504399874
1504399977
1504400001
1504399848
1504399966
1504399874
1504399812
1504399866
1504399880
1504399844
1504400017
1504399900
1504400017
1504399900
1504399848
1504399966
1504399812
1504399874
1504399880
1504399844
1504400017
1504399900
1504400017
1504399966
1504399900
1504399848
1504399812
1504399874
1504399880
1504399844
1504400017
1504399900
1504400017
1504399966
1504399900
1504399848
1504399812
1504399900
1504399880
1504399844
1504399900
1504400017
1504399966
1504400017
1504399848
1504399900
1504399812
1504399900
1504399880
1504399844
1504399907
1504400017
1504400017
1504399966
1504399848
1504399915
1504399812
1504399900
1504399880
1504399844
1504399907
1504400017
1504399966
1504400017
1504399848
1504399915
1504399812
1504399900
1504399880
1504399844
1504399907
1504400040
1504400080
1504399966
1504399848
1504399915
1504399812
1504399915
1504399880
1504399844
1504399907
1504400040
1504400080
1504399966
1504399848
1504399915
1504399812
1504399915
1504399880
1504399844
1504399907
1504400040
1504399966
1504400080
1504399848
1504399915
1504399812
1504399915
1504399880
1504399844
1504400040
1504399907
1504400080
1504399848
1504399966
1504399977
1504399812
1504399880
1504399915
1504399844
1504399907
1504400040
1504400080
1504399966
1504399848
1504399977
1504399812
1504399880
1504399977
1504399844
1504399907
1504400040
1504400080
1504399966
1504399848
1504399812
1504399977
1504399880
1504399977
1504399844
1504399907
1504400040
1504400080
1504399966
1504399848
1504399812
1504399977
1504399977
1504399900
1504399844
1504399907
1504400040
1504400080
1504399966
1504399848
1504399866
1504399977
1504399900
1504399977
1504399844
1504399907
1504400080
1504400040
1504399966
1504399848
1504399866
1504399996
1504399977
1504399900
1504399844
1504399907
1504400040
1504400080
1504399966
1504399848
1504399866
1504399996
1504399996
1504399900
1504399844
1504399907
1504400040
1504400080
1504399966
1504399866
1504399874
1504399996
1504399996
1504399915
1504399844
1504399915
1504400040
1504400080
1504399866
1504399966
1504399874
1504399996
1504399996
1504399915
1504399844
1504399915
1504400040
1504400080
1504399866
1504399966
1504399880
1504399996
1504399996
1504399915
1504399844
1504399915
1504400040
1504400080
1504399874
1504399966
1504399880
1504399996
1504399996
1504399915
1504399844
1504399915
1504400080
1504400040
1504399874
1504399966
1504399880
1504399996
1504400017
1504399844
1504399977
1504399977
1504400080
1504400040
1504399900
1504399966
1504399880
1504399996
1504400017
1504399844
1504399977
1504399977
1504400080
1504399900
1504400040
1504399966
1504399880
1504399996
1504400017
1504399977
1504399844
1504399977
1504400080
1504400040
1504399900
1504399966
1504399880
1504399996
1504400017
1504399977
1504399844
1504399977
1504400080
1504400069
1504399907
1504399966
1504399880
1504399996
1504400017
1504399977
1504399866
1504399977
1504400080
1504400080
1504399907
1504399966
1504399880
1504399996
1504400017
1504399866
1504400017
1504400017
1504400080
1504400080
1504399907
1504399996
1504399966
1504399880
1504400040
1504399866
1504400017
1504400017
1504400080
1504400080
1504399907
1504399966
1504399996
1504399880
1504400040
1504400017
1504399874
1504400017
1504400118
1504400080
1504399907
1504399880
1504399966
1504399996
1504400040
1504400017
1504400017
1504399874
1504400118
1504400080
1504399907
1504399880
1504399996
1504399966
1504400040
1504400017
1504399900
1504400017
1504400080
1504400118
1504399996
1504399880
1504399977
1504399907
1504400040
1504400017
1504399900
1504400017
1504400080
1504400118
1504399880
1504399996
1504399907
1504399977
1504400040
1504400069
1504399900
1504400040
1504400080
1504399880
1504400118
1504399996
1504399907
1504399977
1504400040
1504400069
1504400040
1504399907
1504400080
1504399880
1504400118
1504399996
1504400040
1504399907
1504399977
1504400040
1504400069
1504399907
1504400080
1504399880
1504400118
1504399996
1504399907
1504400040
1504399977
1504400040
1504400069
1504399907
1504400080
1504399880
1504400118
1504399996
1504399907
1504400040
1504399996
1504400040
1504400069
1504399907
1504399880
1504400118
1504400080
1504399996
1504399907
1504400040
1504399996
1504400040
1504400069
1504399907
1504400080
1504400118
1504399880
1504399996
1504400040
1504399907
1504399996
undefined
undefined
undefined
undefined
undefined
undefined
undefined
undefined
undefined
undefined
undefined
undefined
undefined
undefined
undefined
undefined
undefined
undefined
undefined
undefined
undefined
undefined
undefined
undefined
undefined
undefined
undefined
undefined
undefined
undefined
undefined
undefined
undefined
undefined
undefined
undefined
undefined
undefined
undefined
undefined
undefined
undefined
undefined
undefined
undefined
undefined
undefined
undefined
undefined
undefined
undefined
undefined
undefined
undefined
undefined
undefined
undefined
undefined
undefined
undefined
undefined
undefined
undefined
undefined
undefined
undefined
undefined
undefined
undefined
undefined
undefined
undefined
undefined
undefined
undefined
undefined
undefined
undefined
undefined
undefined
undefined
undefined
undefined
undefined
undefined
undefined
undefined
undefined
undefined
undefined
undefined
undefined
undefined
undefined
undefined
undefined
undefined
undefined
undefined
undefined
undefined
undefined
undefined
undefined
undefined
undefined
undefined
undefined
undefined
undefined
1504399907
undefined
undefined
undefined
undefined
1504399915
undefined
undefined
undefined
undefined
1504399907
undefined
undefined
undefined
undefined
1504399915
undefined
undefined
undefined
undefined
undefined
undefined
undefined
undefined
undefined
1504399915
undefined
undefined
undefined
undefined
undefined
undefined
undefined
undefined
