1504398689
1504398689
1504398701
1504398697
1504398697
1504398697
1504398689
1504398689
1504398689
1504398701
1504398697
1504398689
1504398689
1504398701
1504398689
1504398697
1504398689
1504398689
1504398701
1504398697
1504398697
1504398701
1504398689
1504398689
1504398689
1504398689
1504398697
1504398697
1504398689
1504398701
1504398697
1504398701
1504398701
1504398689
1504398689
1504398697
1504398697
1504398689
1504398689
1504398701
1504398697
1504398701
1504398689
1504398697
1504398701
1504398689
1504398689
1504398697
1504398689
1504398701
1504398697
1504398689
1504398697
1504398689
1504398701
1504398704
1504398689
1504398697
1504398689
1504398704
1504398701
1504398697
1504398701
1504398697
1504398704
1504398697
1504398697
1504398701
1504398701
1504398704
1504398701
1504398697
1504398704
1504398701
1504398697
1504398697
1504398697
1504398701
1504398701
1504398704
1504398701
1504398697
1504398704
1504398697
1504398701
1504398697
1504398697
1504398704
1504398701
1504398704
1504398701
1504398701
1504398704
1504398701
1504398701
1504398701
1504398704
1504398701
1504398701
1504398704
1504398701
1504398701
1504398704
1504398701
1504398701
1504398704
1504398704
1504398704
1504398704
1504398704
1504398704
1504398704
1504398704
1504398704
1504398704
1504398704
1504398704
1504398704
1504398704
1504398704
1504398799
1504398755
1504398755
1504398863
1504398729
1504398729
1504398799
1504398896
1504398896
1504398729
undefined
undefined
undefined
undefined
undefined
undefined
undefined
undefined
undefined
undefined
undefined
undefined
undefined
undefined
undefined
undefined
undefined
undefined
undefined
undefined
1504398799
1504398755
1504398755
undefined
undefined
undefined
undefined
undefined
undefined
1504398729
1504398799
1504398755
1504398755
undefined
undefined
1504398896
1504398729
1504398729
undefined
1504398729
1504398755
1504398799
1504398755
1504398729
undefined
1504398896
1504398729
undefined
undefined
1504398729
1504398755
1504398799
1504398755
undefined
1504398729
1504398896
undefined
1504398755
1504398896
1504398729
1504398755
1504398799
1504398755
1504398729
undefined
1504398904
1504398896
undefined
1504398755
1504398729
1504398755
1504398799
1504398755
undefined
1504398729
1504398904
undefined
1504398755
1504398896
1504398729
1504398755
undefined
undefined
undefined
undefined
undefined
undefined
undefined
undefined
undefined
undefined
undefined
undefined
undefined
1504398799
undefined
1504398863
undefined
undefined
undefined
undefined
undefined
undefined
undefined
1504398799
1504398863
undefined
undefined
undefined
undefined
undefined
undefined
undefined
1504398799
undefined
1504398863
undefined
undefined
undefined
undefined
undefined
undefined
undefined
1504398799
undefined
1504398863
1504398904
undefined
undefined
undefined
undefined
undefined
undefined
1504398799
undefined
1504398863
1504398904
undefined
undefined
undefined
undefined
undefined
undefined
1504398799
1504398755
1504398863
1504398904
1504398904
1504398755
undefined
undefined
1504398755
1504398799
1504398799
1504398755
1504398863
1504398904
1504398755
1504398904
1504398896
undefined
1504398755
1504398799
1504398799
1504398863
1504398896
1504398755
1504398906
1504398906
1504398896
1504398755
1504398755
1504398799
1504398799
1504398863
1504398896
1504398906
1504398755
1504398906
1504398896
1504398755
1504398755
1504398799
1504398896
1504398863
1504398896
1504398849
1504398906
1504398906
1504398896
1504398849
1504398896
1504398896
1504398799
1504398863
1504398904
1504398896
1504398906
1504398906
1504398904
1504398849
1504398896
1504398896
1504398799
1504398863
1504398896
1504398904
1504398941
1504398941
1504398904
1504398849
1504398896
1504398904
1504398799
1504398896
1504398896
1504398904
1504398941
1504398941
1504398904
1504398849
1504398904
1504398904
1504398896
1504398799
1504398904
1504398904
1504398941
1504398941
1504398904
1504398849
1504398904
1504398904
1504398896
1504398799
1504398904
1504398941
1504398906
1504398941
1504398906
1504398849
1504398904
1504398904
1504398904
1504398904
1504398992
1504398799
1504398906
1504398992
1504398906
1504398849
1504398906
1504398906
1504398904
1504398906
1504398992
1504398799
1504398992
1504398906
1504398906
1504398849
1504398906
1504398906
1504398904
1504398906
1504399052
1504398799
1504399013
1504398906
1504398906
1504398849
1504398906
1504398906
1504399052
1504398906
1504398906
1504398799
1504398941
1504399013
1504398941
1504398849
1504398906
1504398941
1504398906
1504399052
1504398941
1504398799
1504398941
1504399013
1504398941
1504398849
1504398941
1504398941
1504398906
1504399052
1504398941
1504398799
1504398941
1504399013
1504398941
1504398849
1504398941
1504398941
1504399052
1504398941
1504398941
1504398799
1504399013
1504398941
1504398941
1504398849
1504398941
1504399125
1504398941
1504398992
1504398992
1504398799
1504399013
1504398992
1504398992
1504398849
1504398992
1504399125
1504398941
1504398992
1504398992
1504398799
1504399013
1504398992
1504398992
1504398849
1504398992
1504399125
1504399002
1504399052
1504398799
1504398992
1504399013
1504399052
1504399052
1504398849
1504399037
1504399125
1504399002
1504399052
1504398896
1504398992
1504399013
1504399052
1504399052
1504398849
1504399037
1504399164
1504399002
1504399052
1504398896
1504399052
1504399013
1504399052
1504399052
1504399037
1504398849
1504399164
1504399052
1504399002
1504398896
1504399013
1504399052
1504399052
1504399052
1504399037
1504398849
1504399164
1504399052
1504399002
1504398904
1504399013
1504399052
1504399052
1504399052
1504399037
1504398849
1504399164
1504399125
1504398904
1504399002
1504399013
1504399125
1504399125
1504399052
1504398849
1504399037
1504399164
1504399125
1504398904
1504399002
1504399013
1504399125
1504399125
1504399052
1504398849
1504399037
1504399164
1504399125
1504398906
1504399002
1504399013
1504399125
1504399125
1504399069
1504398849
1504399037
1504399164
1504399125
1504398906
1504399002
1504399013
1504399125
1504399125
1504399069
1504398849
1504399052
1504399164
1504399161
1504398906
1504399002
1504399013
1504399149
1504399145
1504399069
1504398849
1504399052
1504399175
1504399161
1504398941
1504399002
1504399013
1504399149
1504399164
1504399069
1504399052
1504398849
1504399175
1504399161
1504398941
1504399002
1504399013
1504399149
1504399069
1504399164
1504398849
1504399052
1504399175
1504399161
1504398941
1504399002
1504399149
1504399013
1504399069
1504399164
1504398849
1504399052
1504399175
1504399161
1504398992
1504399002
1504399149
1504399013
1504399069
1504399164
1504398849
1504399175
1504399125
1504398992
1504399161
1504399002
1504399149
1504399013
1504399164
1504399069
1504398849
1504399175
1504399125
1504399052
1504399161
1504399002
1504399149
1504399013
1504399069
1504399164
1504399125
1504398849
1504399175
1504399052
1504399161
1504399013
1504399002
1504399149
1504399069
1504399164
1504399149
1504399193
1504398849
1504399052
1504399161
1504399013
1504399149
1504399002
1504399069
1504399164
1504399149
1504398849
1504399193
1504399052
1504399161
1504399002
1504399013
1504399149
1504399165
1504399069
1504399149
1504398849
1504399193
1504399161
1504399125
1504399013
1504399002
1504399164
1504399165
1504399069
1504399149
1504398849
1504399193
1504399125
1504399161
1504399013
1504399165
1504399164
1504399002
1504399069
1504398896
1504399149
1504399193
1504399125
1504399013
1504399161
1504399165
1504399164
1504399002
1504399069
1504398896
1504399149
1504399193
1504399164
1504399161
1504399013
1504399165
1504399164
1504399002
1504399069
1504399149
1504398896
1504399193
1504399013
1504399161
1504399164
1504399165
1504399164
1504399002
1504399069
1504399149
1504399193
1504398904
1504399161
1504399013
1504399165
1504399164
1504399164
1504399002
1504399069
1504399149
1504399193
1504398904
1504399013
1504399161
1504399164
1504399165
1504399164
1504399002
1504399069
1504399149
1504399193
1504398904
1504399013
1504399161
1504399164
1504399165
1504399002
1504399069
1504399175
1504399149
1504399193
1504398906
1504399013
1504399164
1504399165
1504399161
1504399002
1504399175
1504399069
1504399149
1504399193
1504398906
1504399165
1504399013
1504399164
1504399161
1504399002
1504399175
1504399069
1504399149
1504399193
1504398906
1504399037
1504399165
1504399165
1504399161
1504399175
1504399002
1504399069
1504399149
1504399197
1504398941
1504399165
1504399165
1504399037
1504399161
1504399069
1504399175
1504399002
1504399149
1504399197
1504398941
1504399037
1504399165
1504399165
1504399161
1504399069
1504399002
1504399175
1504399149
1504399197
1504398941
1504399165
1504399037
1504399165
1504399161
1504399069
1504399175
1504399002
1504399149
1504399197
1504398992
1504399037
1504399165
1504399165
1504399161
1504399069
1504399186
1504399002
1504399149
1504399197
1504398992
1504399037
1504399165
1504399165
1504399161
1504399069
1504399002
1504399186
1504399149
1504399197
1504399037
1504399037
1504399165
1504399161
1504399165
1504399069
1504399037
1504399186
1504399197
1504399149
1504399037
1504399037
1504399161
1504399165
1504399165
1504399037
1504399069
1504399186
1504399197
1504399149
1504399037
1504399161
1504399037
1504399165
1504399165
1504399069
1504399037
1504399186
1504399149
1504399197
1504399037
1504399161
1504399165
1504399037
1504399069
1504399037
1504399165
1504399186
1504399197
1504399149
1504399037
1504399161
1504399165
1504399125
1504399037
1504399037
1504399165
1504399186
1504399197
1504399149
1504399037
1504399161
1504399165
1504399125
1504399037
1504399037
1504399186
1504399175
1504399149
1504399197
1504399037
1504399161
1504399165
1504399125
1504399037
1504399037
1504399186
1504399175
1504399149
1504399197
1504399037
undefined
undefined
undefined
undefined
undefined
undefined
undefined
undefined
undefined
undefined
undefined
undefined
undefined
undefined
undefined
undefined
undefined
undefined
undefined
undefined
undefined
undefined
undefined
undefined
undefined
undefined
undefined
undefined
undefined
undefined
undefined
undefined
undefined
undefined
undefined
undefined
undefined
undefined
undefined
undefined
undefined
undefined
undefined
undefined
undefined
undefined
undefined
undefined
undefined
undefined
undefined
undefined
undefined
undefined
undefined
undefined
undefined
undefined
undefined
undefined
undefined
undefined
undefined
undefined
undefined
undefined
undefined
undefined
undefined
undefined
undefined
undefined
undefined
undefined
undefined
undefined
undefined
undefined
undefined
undefined
undefined
undefined
undefined
undefined
undefined
undefined
undefined
undefined
undefined
undefined
undefined
undefined
undefined
undefined
undefined
undefined
undefined
undefined
undefined
undefined
undefined
undefined
undefined
undefined
undefined
undefined
undefined
undefined
undefined
undefined
undefined
undefined
undefined
undefined
undefined
undefined
undefined
