1503906779
1503906779
1503906779
1503906779
1503906779
1503906779
1503906779
1503906779
1503906779
1503906779
1503906779
1503906779
1503906779
1503906779
1503906779
1503906779
1503906779
1503906779
1503906779
1503906779
1503906779
1503906779
1503906779
1503906779
1503906779
1503906779
1503906779
1503906779
1503906779
1503906779
1503906779
1503906779
1503906779
1503906779
1503906842
1503906842
1503906842
1503906842
1503906842
1503906862
1503906862
1503906862
1503906862
1503906862
1503906862
1503906862
1503906862
1503906862
1503906862
1503906862
1503906862
1503906862
1503906862
1503906862
1503906862
1503906862
1503906862
1503906862
1503906862
1503906862
1503906862
1503906862
1503906862
1503906862
1503906862
1503906862
1503906862
1503906862
1503906862
1503906862
1503906862
1503906862
1503906862
1503906862
1503906862
1503906886
1503906886
1503906886
1503906886
1503906886
1503906886
1503906886
1503906886
1503906886
1503906886
1503906886
1503906886
1503906886
1503906886
1503906886
1503906886
1503906886
1503906886
1503906886
1503906886
1503906886
1503906886
1503906886
1503906886
1503906886
