1503748724
1503748724
1503748724
1503748724
1503748724
1503748724
1503748724
1503748724
1503748724
1503748724
1503748724
1503748724
1503748724
1503748724
1503748724
1503748724
1503748724
1503748724
1503748724
1503748724
1503748724
1503748724
1503748724
1503748724
1503748724
1503748724
1503748724
1503748724
1503748724
1503748724
1503748724
1503748724
1503748724
1503748724
1503748765
1503748765
1503748765
1503748765
1503748765
1503748765
1503748765
1503748765
1503748765
1503748765
1503748765
1503748765
1503748765
1503748765
1503748765
1503748765
1503748765
1503748765
1503748765
1503748765
1503748765
1503748765
1503748765
1503748765
1503748765
1503748765
1503748765
1503748765
1503748765
1503748765
1503748765
1503748765
1503748765
1503748765
1503748765
1503748765
1503748799
1503748799
1503748799
1503748799
1503748799
1503748799
1503748799
1503748799
1503748799
1503748799
1503748799
1503748799
1503748799
1503748799
1503748799
1503748799
1503748799
1503748799
1503748799
1503748799
1503748799
1503748799
1503748799
1503748799
1503748799
1503748799
1503748799
1503748803
1503748803
1503748803
1503748803
1503748803
1503748803
1503748803
1503748803
1503748803
1503748803
1503748803
1503748803
1503748803
1503748803
1503748803
1503748803
1503748803
1503748803
1503748803
1503748803
1503748803
1503748803
1503748803
1503748803
1503748803
1503748803
1503748803
1503748803
1503748803
1503748803
1503748803
1503748803
1503748803
1503748803
1503748803
1503748803
1503748817
1503748817
1503748817
1503748817
1503748817
1503748817
1503748817
1503748817
1503748817
1503748817
1503748817
1503748817
1503748817
1503748817
1503748817
1503748817
1503748817
1503748817
1503748817
1503748817
1503748817
1503748817
1503748817
1503748817
1503748817
1503748817
1503748817
1503748817
1503748817
1503748817
1503748817
1503748817
1503748817
1503748817
1503748826
1503748826
1503748826
1503748826
1503748826
1503748826
1503748826
1503748826
1503748826
1503748826
1503748826
1503748826
1503748826
1503748826
1503748826
1503748826
1503748826
1503748826
1503748826
1503748826
1503748826
1503748826
1503748826
1503748826
1503748826
1503748826
1503748826
1503748826
1503748826
1503748826
1503748826
1503748826
1503748826
1503748826
1503748826
1503748838
1503748838
1503748838
1503748838
1503748838
1503748838
1503748838
1503748838
1503748838
1503748838
1503748838
1503748838
1503748838
1503748838
1503748838
1503748838
1503748838
1503748838
1503748838
1503748838
1503748838
1503748838
1503748838
1503748838
1503748838
1503748838
1503748838
1503748838
1503748838
1503748838
1503748838
1503748838
1503748838
1503748838
1503748838
1503748838
1503748868
1503748868
1503748868
1503748868
1503748868
1503748868
1503748868
1503748868
1503748868
1503748868
1503748868
1503748868
1503748868
1503748868
1503748868
1503748868
1503748868
1503748868
1503748868
1503748868
1503748868
1503748868
1503748868
1503748868
1503748868
1503748868
1503748868
1503748969
1503748969
1503748969
1503748969
1503748969
1503748969
1503748969
1503748969
1503748969
1503748969
1503748969
1503748969
1503748969
1503748969
1503748969
1503748969
1503748969
1503748969
1503748969
1503748969
1503748969
1503748969
1503749012
1503749012
1503749012
1503749012
1503749012
1503749012
1503749012
1503749012
1503749012
1503749012
1503749012
1503749012
1503749012
1503749012
1503749012
1503749012
1503749012
1503749012
1503749012
1503749012
1503749012
1503749012
1503749012
1503749012
1503749012
1503749012
1503749012
1503749012
1503749012
1503749012
1503749012
1503749012
1503749012
1503749012
1503749012
1503749017
1503749017
1503749017
1503749017
1503749017
1503749017
1503749017
1503749017
1503749017
1503749017
1503749017
1503749017
1503749017
1503749017
1503749017
1503749017
1503749017
1503749017
1503749017
1503749017
1503749017
1503749017
1503749017
1503749017
1503749017
1503749017
1503749017
1503749017
1503749017
1503749017
1503749017
1503749017
1503749017
1503749017
1503749017
1503749033
1503749033
1503749033
1503749033
1503749033
1503749033
1503749033
1503749033
1503749033
1503749033
1503749033
1503749033
1503749033
1503749033
1503749033
1503749033
1503749033
1503749033
1503749033
1503749033
1503749033
1503749033
1503749033
1503749033
1503749033
1503749033
1503749033
1503749033
1503749033
1503749033
1503749033
1503749033
1503749033
1503749033
1503749033
1503749033
1503749051
1503749051
1503749051
1503749051
1503749051
1503749051
1503749051
1503749051
1503749051
1503749051
1503749051
1503749051
1503749051
1503749051
1503749051
1503749051
1503749051
1503749051
1503749051
1503749051
1503749051
1503749051
1503749051
1503749051
1503749051
1503749051
1503749051
1503749051
1503749051
1503749051
1503749051
1503749051
1503749051
1503749051
1503749051
1503749108
1503749108
1503749108
1503749108
1503749108
1503749108
1503749108
1503749108
1503749108
1503749108
1503749108
1503749108
1503749108
1503749108
1503749108
1503749108
1503749108
1503749108
1503749108
1503749108
1503749108
1503749108
1503749108
1503749108
1503749108
1503749108
1503749108
1503749108
1503749108
1503749108
1503749108
1503749108
1503749108
1503749108
1503749127
1503749127
1503749127
1503749127
1503749127
1503749127
1503749127
1503749127
1503749127
1503749127
1503749127
1503749127
1503749127
1503749127
1503749127
1503749127
1503749127
1503749127
1503749127
1503749127
1503749127
1503749127
1503749127
1503749127
1503749127
1503749127
1503749127
1503749127
1503749127
1503749127
1503749127
1503749127
1503749127
1503749127
1503749127
1503749141
1503749141
1503749141
1503749141
1503749141
1503749141
1503749141
1503749141
1503749141
1503749141
1503749141
1503749141
1503749141
1503749141
1503749141
1503749141
1503749141
1503749141
1503749141
1503749141
1503749141
1503749141
1503749141
1503749141
1503749141
1503749141
1503749141
1503749141
1503749141
1503749141
1503749141
1503749141
1503749141
1503749141
1503749151
1503749151
1503749151
1503749151
1503749151
1503749151
1503749151
1503749151
1503749151
1503749151
1503749151
1503749151
1503749151
1503749151
1503749151
1503749151
1503749151
1503749151
1503749151
1503749151
1503749151
1503749151
1503749151
1503749151
1503749151
1503749151
1503749151
1503749151
1503749151
1503749151
1503749172
1503749172
1503749172
1503749172
1503749172
1503749172
1503749172
1503749172
1503749172
1503749172
1503749172
1503749172
1503749172
1503749172
1503749172
1503749172
1503749172
1503749172
1503749172
1503749172
1503749172
1503749172
1503749172
1503749172
1503749172
1503749172
1503749172
1503749172
1503749172
1503749172
1503749172
1503749172
1503749172
1503749172
1503749172
1503749172
1503749192
1503749192
1503749192
1503749192
1503749192
1503749192
1503749192
1503749192
1503749192
1503749192
1503749192
1503749192
1503749192
1503749192
1503749192
1503749192
1503749192
1503749192
1503749192
1503749192
1503749192
1503749192
1503749192
1503749192
1503749192
1503749192
1503749192
1503749192
1503749192
1503749192
1503749192
1503749192
1503749220
1503749220
1503749220
1503749220
1503749220
1503749220
1503749220
1503749220
1503749220
1503749220
1503749220
1503749220
1503749220
1503749220
1503749220
1503749220
1503749220
1503749220
1503749220
1503749220
1503749220
1503749220
1503749220
1503749220
1503749220
1503749220
1503749220
1503749220
1503749220
1503749220
1503749220
1503749220
1503749220
1503749220
1503749220
1503749235
1503749235
1503749235
1503749235
1503749235
1503749235
1503749235
1503749235
1503749235
1503749235
1503749235
1503749235
1503749235
1503749235
1503749235
1503749235
1503749235
1503749235
1503749235
1503749235
1503749235
1503749235
1503749235
1503749235
1503749235
1503749235
1503749235
1503749235
1503749235
1503749235
1503749235
1503749235
1503749235
1503749235
1503749253
1503749253
1503749253
1503749253
1503749253
1503749253
1503749253
1503749253
1503749253
1503749253
1503749253
1503749253
1503749253
1503749253
1503749253
1503749253
1503749253
1503749253
1503749253
1503749253
1503749253
1503749253
1503749253
1503749253
1503749253
1503749253
1503749253
1503749253
1503749253
1503749253
1503749253
1503749253
1503749253
1503749253
1503749504
1503749516
1503749516
1503749516
1503749516
1503749516
1503749516
1503749516
1503749516
1503749516
1503749516
1503749516
1503749516
1503749516
1503749516
1503749516
1503749516
1503749516
1503749516
1503749516
1503749516
1503749516
1503749516
1503749516
1503749516
1503749516
1503749516
1503749516
1503749516
1503749516
1503749516
1503749516
1503749516
1503749516
1503749542
1503749542
1503749542
1503749542
1503749542
1503749542
1503749542
1503749542
1503749542
1503749542
1503749542
1503749542
1503749542
1503749542
1503749542
1503749542
1503749548
1503749548
1503749548
1503749548
1503749548
1503749548
1503749548
1503749548
1503749548
1503749548
1503749548
1503749548
1503749548
1503749548
1503749548
1503749548
1503749548
1503749548
1503749548
1503749548
1503749548
1503749548
1503749548
1503749548
1503749548
1503749548
1503749548
1503749548
1503749548
1503749548
1503749548
1503749548
1503749548
1503749603
1503749603
1503749603
1503749603
1503749603
1503749603
1503749603
1503749603
1503749603
1503749603
1503749603
1503749603
1503749603
1503749603
1503749603
1503749603
1503749603
1503749603
1503749603
1503749603
1503749603
1503749603
1503749603
1503749603
1503749603
1503749603
1503749603
1503749603
1503749668
1503749668
1503749668
1503749668
1503749668
1503749668
1503749668
1503749668
1503749668
1503749668
1503749668
1503749668
1503749668
1503749668
1503749668
1503749668
1503749668
1503749668
1503749668
1503749668
1503749668
1503749668
1503749668
1503749668
1503749668
1503749668
1503749668
1503749668
1503749668
1503749668
1503749668
1503749668
1503749729
1503749729
1503749729
1503749729
1503749729
1503749729
1503749729
1503749729
1503749729
1503749729
1503749729
1503749729
1503749729
1503749729
1503749729
1503749729
1503749729
1503749729
1503749729
1503749729
1503749729
1503749729
1503749729
1503749729
1503749729
1503749729
1503749729
1503749729
1503749729
1503749729
1503749729
1503749729
1503749729
1503749729
1503749789
1503749789
1503749789
1503749789
1503749789
1503749789
1503749789
1503749789
1503749789
1503749789
1503749809
1503749809
1503749809
1503749821
1503749821
1503749821
1503749821
1503749821
1503749821
1503749821
1503749821
1503749821
1503749821
1503749821
1503749821
1503749821
1503749821
1503749821
1503749821
1503749821
1503749821
1503749821
1503749821
1503749821
1503749821
1503749821
1503749821
1503749821
1503749821
1503749821
1503749821
1503749821
1503749821
1503749821
1503749821
1503749821
1503749821
1503749821
1503749861
1503749861
1503749861
1503749861
1503749861
1503749861
1503749861
1503749861
1503749861
1503749861
1503749861
1503749861
1503749861
1503749861
1503749861
1503749861
1503749861
1503749861
1503749861
1503749861
1503749861
1503749861
1503749861
1503749861
1503749861
1503749861
1503749861
1503749878
1503749878
1503749878
1503749878
1503749878
1503749878
1503749878
1503749878
1503749878
1503749878
1503749878
1503749878
1503749878
1503749878
1503749878
1503749878
