1504720487
1504720487
1504720487
1504720487
1504720487
1504720487
1504720487
1504720487
1504720487
1504720487
1504720487
1504720487
1504720487
1504720487
1504720487
1504720487
1504720487
1504720487
1504720487
1504720487
1504720487
1504720487
1504720487
1504720487
1504720487
1504720487
1504720487
1504720487
1504720487
1504720487
1504720504
1504720504
1504720504
1504720504
1504720504
1504720504
1504720504
1504720504
1504720504
1504720504
1504720504
1504720504
1504720504
1504720504
1504720504
1504720504
1504720504
1504720504
1504720504
1504720504
1504720504
1504720504
1504720504
1504720504
1504720504
1504720504
1504720504
1504720504
1504720504
1504720504
1504720504
1504720504
1504720525
1504720525
undefined
undefined
undefined
undefined
undefined
undefined
undefined
undefined
undefined
undefined
undefined
undefined
undefined
undefined
undefined
undefined
undefined
undefined
undefined
undefined
undefined
undefined
undefined
undefined
undefined
undefined
undefined
undefined
undefined
undefined
undefined
undefined
undefined
undefined
1504720561
1504720561
1504720561
1504720561
1504720561
1504720561
1504720561
1504720561
1504720561
1504720561
1504720561
1504720561
1504720561
1504720561
1504720561
1504720561
1504720561
1504720561
1504720561
1504720561
1504720561
1504720561
1504720561
1504720561
1504720561
1504720561
1504720561
1504720561
1504720561
1504720561
1504720561
1504720561
1504720561
1504720561
1504720561
1504720565
1504720565
1504720565
1504720565
1504720565
1504720565
1504720565
1504720565
1504720565
1504720565
1504720565
1504720570
1504720570
1504720570
1504720570
1504720570
1504720570
1504720570
1504720587
undefined
undefined
undefined
undefined
undefined
undefined
undefined
undefined
1504720587
1504720587
1504720587
1504720587
1504720587
1504720587
1504720587
1504720587
1504720587
1504720587
1504720587
1504720587
1504720587
1504720587
1504720587
1504720587
1504720587
1504720587
1504720587
1504720587
1504720587
1504720587
1504720616
undefined
undefined
undefined
undefined
undefined
undefined
undefined
undefined
undefined
undefined
undefined
undefined
undefined
undefined
undefined
undefined
undefined
undefined
undefined
undefined
undefined
undefined
undefined
undefined
1504720616
1504720616
1504720616
1504720616
1504720616
1504720616
1504720616
1504720616
1504720616
1504720616
1504720616
1504720616
1504720626
1504720626
1504720626
1504720636
1504720636
1504720636
1504720636
1504720636
1504720636
undefined
undefined
undefined
undefined
undefined
undefined
undefined
undefined
undefined
1504720636
1504720636
1504720636
1504720636
1504720636
1504720636
1504720636
1504720636
1504720636
1504720636
1504720636
1504720636
1504720636
1504720636
1504720636
1504720636
1504720636
1504720636
1504720636
1504720636
1504720636
1504720636
1504720636
1504720636
1504720636
1504720636
1504720636
1504720636
1504720636
1504720656
1504720656
1504720656
undefined
undefined
undefined
undefined
undefined
undefined
undefined
undefined
undefined
undefined
undefined
undefined
undefined
undefined
undefined
1504720659
1504720671
1504720671
1504720671
undefined
undefined
undefined
undefined
1504720671
1504720671
1504720671
1504720671
1504720671
1504720671
1504720671
1504720671
1504720674
1504720674
undefined
undefined
undefined
undefined
1504720711
1504720711
1504720711
1504720711
1504720711
1504720711
1504720711
1504720711
1504720711
1504720711
1504720711
1504720711
1504720711
1504720711
1504720711
1504720711
1504720711
1504720711
1504720711
1504720711
1504720711
1504720711
1504720711
1504720711
1504720711
1504720711
1504720711
1504720711
1504720711
1504720711
1504720711
1504720711
1504720711
1504720711
1504720711
1504720711
1504720736
1504720736
1504720736
1504720736
1504720736
1504720736
1504720736
1504720736
1504720736
1504720736
1504720736
1504720736
1504720736
1504720736
1504720736
1504720736
1504720736
1504720736
1504720736
1504720736
1504720736
1504720736
1504720736
1504720736
1504720736
1504720736
1504720736
1504720736
1504720736
1504720736
1504720736
1504720736
1504720736
1504720738
1504720738
1504720738
1504720738
1504720738
1504720738
1504720738
1504720738
1504720738
1504720738
1504720738
1504720738
1504720738
1504720738
1504720738
1504720738
1504720738
1504720738
1504720738
1504720738
1504720738
1504720738
1504720738
1504720738
1504720738
1504720738
1504720738
1504720738
undefined
undefined
undefined
undefined
undefined
undefined
undefined
undefined
undefined
1504720747
1504720747
1504720747
1504720747
1504720747
1504720747
1504720747
1504720751
1504720751
1504720751
1504720751
1504720751
1504720751
undefined
undefined
undefined
undefined
undefined
undefined
1504720757
1504720757
1504720757
1504720757
1504720757
1504720816
1504720816
1504720816
undefined
undefined
undefined
undefined
undefined
undefined
undefined
undefined
1504720816
1504720816
1504720816
1504720816
1504720816
1504720816
1504720816
undefined
undefined
undefined
undefined
undefined
undefined
undefined
undefined
undefined
undefined
1504720816
1504720816
1504720816
1504720816
1504720816
1504720816
1504720816
1504720816
1504720816
1504720816
1504720816
1504720816
1504720816
1504720816
1504720816
1504720816
1504720816
1504720816
1504720816
1504720816
1504720816
1504720816
1504720816
1504720827
1504720827
1504720827
1504720827
1504720827
1504720827
1504720827
1504720827
1504720827
1504720827
1504720827
1504720827
1504720827
1504720827
1504720827
1504720827
1504720827
1504720827
1504720827
1504720827
1504720827
1504720827
1504720827
1504720827
1504720827
1504720827
1504720827
1504720827
1504720827
1504720827
1504720827
1504720827
1504720827
1504720827
1504720831
1504720831
1504720831
1504720831
1504720831
1504720831
1504720831
1504720831
1504720831
1504720831
1504720831
1504720831
1504720831
1504720831
1504720831
1504720831
1504720831
1504720831
1504720831
1504720831
1504720831
1504720831
undefined
undefined
undefined
undefined
undefined
undefined
undefined
undefined
undefined
undefined
undefined
1504720847
1504720847
1504720847
1504720847
1504720847
1504720847
1504720847
1504720847
1504720847
1504720847
1504720847
1504720847
1504720847
1504720847
1504720847
1504720847
1504720847
1504720847
1504720852
1504720852
undefined
undefined
1504720869
undefined
1504720869
1504720869
1504720869
1504720869
1504720869
1504720869
1504720869
1504720869
1504720869
1504720869
1504720869
1504720869
1504720869
1504720869
1504720869
1504720869
1504720869
1504720869
1504720869
1504720869
1504720869
1504720869
1504720869
1504720880
1504720880
1504720880
1504720880
1504720880
1504720880
1504720880
1504720880
1504720880
1504720880
1504720880
1504720886
undefined
undefined
undefined
undefined
undefined
undefined
undefined
undefined
undefined
undefined
undefined
undefined
1504720890
1504720890
1504720890
1504720890
undefined
undefined
undefined
undefined
1504720900
1504720900
1504720900
1504720900
1504720900
1504720923
1504720923
undefined
undefined
undefined
undefined
undefined
undefined
undefined
1504720923
1504720923
1504720923
1504720923
1504720923
1504720923
1504720923
1504720923
1504720923
1504720923
1504720923
1504720923
1504720923
1504720923
1504720923
1504720923
1504720923
1504720923
1504720923
1504720923
1504720923
1504720931
1504720931
1504720931
1504720931
1504720931
1504720931
1504720931
1504720931
1504720931
1504720931
1504720931
1504720942
1504720942
undefined
undefined
undefined
undefined
undefined
undefined
undefined
undefined
undefined
undefined
undefined
undefined
undefined
1504720955
undefined
undefined
undefined
1504720955
1504720955
1504720955
1504720955
1504720955
1504720955
1504720955
1504720955
1504720955
1504720955
1504720955
1504720955
1504720955
1504720955
1504720955
1504720955
1504720965
1504720965
1504720965
1504720965
1504720965
1504720965
1504720965
1504720965
1504720965
undefined
undefined
undefined
undefined
undefined
undefined
undefined
1504720983
1504720983
1504720983
1504720983
1504720983
1504720983
1504720983
1504720983
1504720983
1504720983
1504720983
1504720983
1504720983
1504720983
1504720983
1504720983
1504720983
1504720990
1504720990
1504720990
1504720990
1504720990
1504720990
1504720990
1504720990
undefined
undefined
undefined
undefined
undefined
undefined
undefined
undefined
1504721025
1504721025
1504721025
1504721025
1504721025
1504721025
1504721025
1504721025
1504721025
1504721025
1504721025
1504721025
1504721025
1504721025
1504721025
1504721025
1504721025
1504721027
1504721027
1504721027
1504721027
1504721027
1504721027
1504721027
1504721027
1504721027
1504721027
1504721027
1504721027
1504721027
1504721027
1504721027
1504721027
1504721027
1504721027
undefined
undefined
undefined
undefined
undefined
undefined
undefined
undefined
undefined
undefined
undefined
undefined
undefined
undefined
undefined
undefined
undefined
undefined
undefined
undefined
undefined
undefined
undefined
undefined
undefined
undefined
undefined
1504721061
1504721061
1504721061
1504721061
1504721061
1504721061
1504721061
1504721061
1504721061
1504721061
1504721061
1504721061
1504721061
1504721061
1504721061
1504721061
1504721061
1504721061
1504721072
1504721072
1504721072
1504721072
1504721072
1504721072
1504721072
1504721072
1504721072
1504721072
1504721072
1504721072
1504721072
1504721072
1504721072
1504721072
1504721072
undefined
undefined
undefined
undefined
undefined
undefined
undefined
undefined
undefined
undefined
1504721102
1504721102
1504721102
1504721102
1504721102
1504721102
1504721102
1504721102
1504721102
1504721102
1504721102
1504721102
1504721102
1504721102
1504721102
1504721102
1504721102
1504721102
1504721124
1504721124
1504721124
1504721124
1504721124
1504721124
1504721124
1504721124
1504721124
1504721124
1504721124
1504721124
1504721124
1504721124
1504721124
1504721124
1504721124
1504721124
1504721124
1504721124
1504721124
1504721159
undefined
undefined
undefined
undefined
undefined
undefined
undefined
undefined
undefined
undefined
1504721159
1504721159
1504721159
1504721159
1504721159
1504721159
1504721159
1504721159
1504721159
1504721159
1504721159
1504721159
1504721159
1504721159
1504721159
1504721159
1504721159
1504721159
1504721159
1504721159
1504721159
1504721159
1504721159
1504721159
1504721159
1504721159
1504721159
1504721160
1504721160
1504721160
1504721160
1504721173
1504721173
1504721173
1504721173
1504721173
1504721173
1504721173
1504721173
1504721173
1504721173
1504721173
1504721173
undefined
undefined
undefined
undefined
undefined
undefined
undefined
undefined
undefined
undefined
undefined
undefined
1504721187
1504721187
1504721187
1504721187
1504721187
1504721187
1504721187
1504721187
1504721187
1504721197
undefined
undefined
undefined
undefined
undefined
undefined
undefined
undefined
1504721214
1504721214
1504721214
1504721214
1504721214
1504721214
1504721214
