1504401287
1504401287
1504401287
1504401310
1504401386
1504401304
1504401287
1504401310
1504401287
1504401304
1504401386
1504401287
1504401304
1504401479
1504401310
1504401287
1504401304
1504401287
1504401287
1504401310
1504401287
1504401406
1504401304
1504401304
1504401310
1504401287
1504401479
1504401287
1504401287
1504401310
1504401287
1504401310
1504401287
1504401304
1504401287
1504401479
1504401406
1504401304
1504401310
1504401287
1504401310
1504401287
1504401304
1504401287
1504401287
1504401479
1504401406
1504401310
1504401304
1504401287
1504401310
1504401287
1504401287
1504401406
1504401287
1504401479
1504401304
1504401304
1504401310
1504401287
1504401310
1504401287
1504401304
1504401406
1504401287
1504401479
1504401304
1504401287
1504401310
1504401287
1504401406
1504401310
1504401386
1504401304
1504401479
1504401386
1504401304
1504401310
1504401304
1504401310
1504401560
1504401406
1504401304
1504401310
1504401479
1504401304
1504401310
1504401503
1504401304
1504401310
1504401694
1504401310
1504401304
1504401406
1504401304
1504401479
1504401310
1504401503
1504401304
1504401416
1504401304
1504401694
1504401406
1504401479
1504401310
1504401304
1504401503
1504401310
1504401304
1504401416
1504401694
1504401304
1504401406
1504401310
1504401479
1504401503
1504401310
1504401304
1504401304
1504401416
1504401304
1504401310
1504401406
1504401479
1504401694
1504401503
1504401310
1504401304
1504401304
1504401416
1504401406
1504401523
1504401479
1504401310
1504401310
1504401694
1504401503
1504401304
1504401304
1504401416
1504401550
1504401406
1504401479
1504401310
1504401503
1504401694
1504401310
1504401368
1504401368
1504401416
1504401550
1504401406
1504401479
1504401310
1504401368
1504401310
1504401503
1504401694
1504401368
1504401416
1504401550
1504401406
1504401678
1504401479
1504401368
1504401694
1504401503
1504401416
1504401694
1504401368
1504401550
1504401406
1504401678
1504401479
1504401694
1504401503
1504401718
1504401368
1504401416
1504401368
1504401550
1504401678
1504401479
1504401406
1504401694
1504401503
1504401416
1504401718
1504401368
1504401368
1504401550
1504401678
1504401406
1504401479
1504401694
1504401503
1504401718
1504401416
1504401368
1504401368
1504401550
1504401678
1504401406
1504401694
1504401479
1504401503
1504401718
1504401416
1504401368
1504401368
1504401550
1504401406
1504401678
1504401694
1504401479
1504401718
1504401503
1504401416
1504401368
1504401368
1504401550
1504401678
1504401406
1504401694
1504401718
1504401479
1504401503
1504401416
1504401368
1504401368
1504401550
1504401678
1504401406
1504401503
1504401479
1504401694
1504401416
1504401718
1504401368
1504401368
1504401550
1504401678
1504401406
1504401503
1504401694
1504401416
1504401718
1504401368
1504401479
1504401368
1504401550
1504401678
1504401406
1504401694
1504401503
1504401718
1504401368
1504401416
1504401479
1504401368
1504401678
1504401550
1504401406
1504401503
1504401694
1504401368
1504401416
1504401479
1504401718
1504401594
1504401550
1504401678
1504401406
1504401694
1504401503
1504401368
1504401718
1504401479
1504401416
1504401594
1504401678
1504401550
1504401406
1504401694
1504401368
1504401718
1504401503
1504401479
1504401416
1504401594
1504401550
1504401678
1504401694
1504401406
1504401368
1504401718
1504401503
1504401479
1504401416
1504401594
1504401550
1504401678
1504401694
1504401368
1504401406
1504401503
1504401718
1504401479
1504401416
1504401594
1504401550
1504401678
1504401368
1504401694
1504401406
1504401503
1504401718
1504401479
1504401416
1504401594
1504401550
1504401678
1504401368
1504401694
1504401406
1504401503
1504401718
1504401479
1504401416
1504401594
1504401550
1504401678
1504401368
1504401694
1504401406
1504401503
1504401718
1504401479
1504401416
1504401594
1504401550
1504401678
1504401368
1504401694
1504401406
1504401503
1504401718
1504401479
1504401416
1504401594
1504401550
1504401678
1504401368
1504401694
1504401406
1504401503
1504401718
1504401479
1504401416
1504401594
1504401550
1504401678
1504401368
1504401694
1504401406
1504401503
1504401718
1504401479
1504401416
1504401594
1504401550
1504401368
1504401678
1504401694
1504401406
1504401503
1504401718
1504401623
1504401416
1504401594
1504401550
1504401466
1504401678
1504401503
1504401694
1504401694
1504401623
1504401718
1504401416
1504401594
1504401550
1504401678
1504401466
1504401694
1504401503
1504401796
1504401718
1504401623
1504401416
1504401594
1504401550
1504401678
1504401466
1504401694
1504401503
1504401796
1504401623
1504401718
1504401416
1504401594
1504401550
1504401678
1504401466
1504401694
1504401503
1504401796
1504401718
1504401623
1504401416
1504401594
1504401550
1504401678
1504401503
1504401466
1504401694
1504401796
1504401623
1504401898
1504401416
1504401550
1504401678
1504401594
1504401503
1504401466
1504401844
1504401796
1504401898
1504401623
1504401416
1504401550
1504401594
1504401678
1504401466
1504401724
1504401844
1504401796
1504401898
1504401623
1504401547
1504401550
1504401594
1504401678
1504401466
1504401724
1504401844
1504401796
1504401898
1504401623
1504401547
1504401550
1504401594
1504401466
1504401724
1504401678
1504401796
1504401844
1504401898
1504401547
1504401623
1504401550
1504401466
1504401594
1504401678
1504401724
1504401844
1504401796
1504401898
1504401547
1504401623
1504401550
1504401594
1504401466
1504401678
1504401844
1504401724
1504401796
1504401898
1504401547
1504401623
1504401550
1504401678
1504401594
1504401844
1504401466
1504401796
1504401724
1504401898
1504401623
1504401547
1504401626
1504401678
1504401466
1504401844
1504401796
1504401594
1504401724
1504401898
1504401623
1504401547
1504401626
1504401466
1504401678
1504401594
1504401844
1504401796
1504401724
1504401898
1504401623
1504401547
1504401626
1504401466
1504401594
1504401811
1504401844
1504401796
1504401898
1504401724
1504401623
1504401560
1504401626
1504401466
1504401811
1504401594
1504401796
1504401844
1504401898
1504401724
1504401623
1504401560
1504401626
1504401466
1504401811
1504401594
1504401796
1504401844
1504401898
1504401724
1504401623
1504401733
1504401626
1504401466
1504401811
1504401594
1504401796
1504401898
1504401844
1504401724
1504401623
1504401733
1504401626
1504401466
1504401811
1504401594
1504401796
1504401898
1504401724
1504401844
1504401623
1504401733
1504401626
1504401466
1504401594
1504401811
1504401796
1504401724
1504401844
1504401898
1504401623
1504401733
1504401626
1504401466
1504401811
1504401649
1504401796
1504401724
1504401844
1504401898
1504401623
1504401733
1504401626
1504401649
1504401811
1504401466
1504401796
1504401844
1504401724
1504401898
1504401623
1504401733
1504401626
1504401649
1504401811
1504401796
1504401466
1504401844
1504401724
1504401898
1504401623
1504401733
1504401626
1504401649
1504401796
1504401811
1504401724
1504401466
1504401898
1504401844
1504401733
1504401623
1504401626
1504401773
1504401796
1504401724
1504401811
1504401466
1504401898
1504401844
1504401733
1504401623
1504401626
1504401724
1504401796
1504401773
1504401466
1504401811
1504401898
1504401844
1504401733
1504401623
1504401724
1504401626
1504401796
1504401811
1504401466
1504401773
1504401844
1504401898
1504401733
1504401623
1504401724
1504401466
1504401773
1504401844
1504401626
1504401811
1504401796
1504401898
1504401733
1504401623
1504401724
1504401466
1504401844
1504401626
1504401811
1504401773
1504401898
1504401796
1504401733
1504401623
1504401724
1504401466
1504401844
1504401811
1504401898
1504401626
1504401773
1504401796
1504401733
1504401623
1504401724
1504401466
1504401844
1504401626
1504401811
1504401898
1504401773
1504401796
1504401733
1504401623
1504401724
1504401626
1504401844
1504401466
1504401811
1504401898
1504401773
1504401796
1504401733
1504401623
1504401724
1504401626
1504401466
1504401844
1504401773
1504401811
1504401898
1504401796
1504401733
1504401623
1504401899
1504401626
1504401898
1504401811
1504401773
1504401844
1504401466
1504401796
1504401733
1504401623
1504401899
1504401773
1504401898
1504401811
1504401626
1504401844
1504401466
1504401796
1504401733
1504401649
1504401773
1504401899
1504401811
1504401898
1504401547
1504401626
1504401844
1504401796
1504401733
1504401649
1504401773
1504401898
1504401811
1504401899
1504401626
1504401547
1504401844
1504401796
1504401733
1504401649
1504401626
1504401909
1504401898
1504401811
1504401547
1504401773
1504401844
1504401848
1504401733
1504401649
1504401626
1504402028
1504401898
1504401773
1504401547
1504401811
1504401844
1504401848
1504401733
1504401649
1504401626
1504401898
1504401773
1504402028
1504401547
1504401811
1504401844
1504401848
1504401733
1504401649
1504401626
1504401899
1504401773
1504401547
1504402028
1504401811
1504401899
1504401848
1504401733
1504401649
1504401773
1504401899
1504401547
1504401626
1504401811
1504402028
1504401848
1504401899
1504401733
1504401649
1504401899
1504401773
1504401547
1504401626
1504401811
1504402028
1504401848
1504401899
1504401733
1504401649
1504401899
1504401773
1504401547
1504401626
1504401811
1504402028
1504401848
1504401899
1504401649
1504401733
1504401909
1504401773
1504401547
1504402028
1504401626
1504401811
1504401848
1504401991
1504401649
1504401733
1504401547
1504402000
1504401773
1504402028
1504401811
1504401626
1504401848
1504401991
1504401649
1504401733
1504401547
1504402000
1504401773
1504402028
1504401811
1504401848
1504401626
1504401991
1504401733
1504401649
1504401547
1504402000
1504401773
1504402028
1504401811
1504401848
1504401991
1504401626
1504401733
1504401649
1504401547
1504402000
1504401773
1504402028
1504401848
1504401820
1504401811
1504401991
1504401733
1504401649
1504401547
1504401773
1504402000
1504402028
1504401848
1504401820
1504401811
1504401991
1504401733
1504401649
1504401547
1504401773
1504402000
1504402028
1504401848
1504401991
1504401899
1504401820
1504401733
1504401649
1504401547
1504401773
1504402000
1504402028
1504401848
1504401991
1504401820
1504401899
1504401733
1504401547
1504401649
1504401773
1504402000
1504401848
1504401991
1504402028
1504401820
1504401899
1504401899
1504401547
1504401649
1504401773
1504402000
1504401848
1504402028
1504401991
1504401820
1504401899
1504401899
1504401547
1504401773
1504401649
1504402000
1504401848
1504402028
1504401991
1504401899
1504401983
1504401820
1504401547
1504401773
1504401649
1504402000
1504401848
1504402028
1504401899
1504401991
1504401983
1504401820
1504401547
1504401773
1504401649
1504402000
1504401848
1504402028
1504401991
1504401983
1504401909
1504401820
1504401547
1504401773
1504401649
1504402000
1504401848
1504402028
1504401991
1504401983
1504401956
1504401820
1504401547
1504401773
1504401649
1504402000
1504401848
1504402028
1504401983
1504401991
1504401956
1504401820
1504401773
1504401649
1504401547
1504402000
1504401848
1504402028
1504401983
1504401991
1504401956
1504401820
1504401649
1504401899
1504401547
1504402000
1504401848
1504402028
1504401983
1504401991
1504401956
1504401820
1504401899
1504401649
1504401547
1504402000
1504401848
1504402028
1504401983
1504401991
1504401956
1504401820
1504401899
1504401649
